9 1 
10 2 
11 3 
12 4 
13 5 
14 6 
15 7 
16 8 
17 9 
18 1 
10 2 
11 3 
12 4 
13 5 
14 6 
15 7 
16 8 
17 9 
18 10 
19 2 
11 3 
12 4 
13 5 
14 6 
15 7 
16 8 
17 9 
18 10 
19 11 
20 3 
12 4 
13 5 
14 6 
15 7 
16 8 
17 9 
18 10 
19 11 
20 12 
21 4 
13 5 
14 6 
15 7 
16 8 
17 9 
18 10 
19 11 
20 12 
21 13 
22 5 
14 6 
15 7 
16 8 
17 9 
18 10 
19 11 
20 12 
21 13 
22 14 
23 6 
15 7 
16 8 
17 9 
18 10 
19 11 
20 12 
21 13 
22 14 
23 15 
24 7 
16 8 
17 9 
18 10 
19 11 
20 12 
21 13 
22 14 
23 15 
24 16 
25 8 
17 9 
18 10 
19 11 
20 12 
21 13 
22 14 
23 15 
24 16 
25 17 
26 9 
18 10 
19 11 
20 12 
21 13 
22 14 
23 15 
24 16 
25 17 
26 18 
27 1 
